
900
20
20
146
20
20
220
20
20
178
20
20
335
20
20
293
20
20
148
20
20
156
16
16
157
20
16
321
20
20
238
20
20
176
20
20
362
20
20
119
20
20
119
20
20
410
20
20
224
14
20
129
20
20
1167
20
16
185
20
20
232
20
20
174
20
12
417
20
20
105
20
20
178
20
20
181
20
20
196
20
20
732
20
20
489
20
20
104
20
20
263
20
20
366
20
14
126
20
20
172
20
20
942
20
20
175
20
20
124
20
20
207
20
20
406
20
20
984
18
12
189
20
20
111
20
20
207
20
20
235
20
20
103
20
18
223
20
20
300
20
20
276
20
20
368
20
12
294
20
20
149
20
18
199
20
20
319
20
20
779
20
20
464
20
20
438
20
20
234
20
20
145
20
20
245
20
20
203
20
20
178
20
20
233
20
20
137
20
20
578
20
20
795
20
20
1795
20
20
304
20
20
374
20
20
262
20
20
191
20
20
276
20
20
247
20
20
418
20
20
621
20
20
109
20
20
112
20
20
133
20
16
525
20
20
1351
20
14
136
20
14
175
20
20
220
20
20
189
20
20
229
20
20
131
20
20
406
20
20
373
20
20
278
20
12
296
20
20
116
20
20
122
20
20
115
20
12
625
20
20
244
20
20
454
20
20
250
20
20
236
18
17
178
20
14
342
20
20
186
20
12
321
20
12
987
20
20
287
20
20
318
20
20
138
20
20
288
20
20
290
20
20
114
20
20
152
20
20
906
20
20
298
20
20
201
20
20
500
20
20
1112
20
20
181
20
20
109
20
20
127
20
20
186
20
16
130
20
20
191
20
20
140
20
20
215
20
18
109
20
20
967
20
20
337
20
20
138
20
20
325
20
20
309
20
20
726
20
20
170
20
20
101
20
18
128
18
12
277
20
20
247
20
20
619
20
20
260
20
20
102
20
14
489
20
12
225
20
20
341
18
20
237
20
16
245
20
16
183
20
18
105
20
12
161
20
20
359
20
20
120
20
20
111
20
20
191
20
20
269
20
20
157
20
18
118
20
20
148
20
20
1220
20
20
126
20
20
245
20
20
353
20
20
446
20
20
315
20
20
413
20
20
646
20
20
351
20
20
979
20
20
108
18
20
150
20
20
169
20
18
160
18
18
250
20
20
568
20
20
197
20
20
284
20
20
575
18
16
121
20
20
711
20
20
284
20
12
398
20
20
955
20
12
117
20
20
216
20
20
237
20
20
215
20
20
113
20
20
520
20
20
710
20
20
142
20
20
451
20
20
108
20
20
274
18
20
150
20
20
325
20
20
183
20
20
166
20
18
400
20
20
370
20
20
164
20
20
401
20
20
550
20
20
481
20
20
173
20
20
719
20
20
293
20
20
132
20
20
506
20
20
167
20
20
134
20
20
293
20
20
649
20
20
173
20
20
222
20
20
145
20
20
212
20
20
120
20
20
209
20
20
138
20
20
141
20
20
149
20
20
216
20
20
382
20
20
108
16
16
168
20
20
140
20
20
211
20
20
267
18
20
348
20
20
142
20
20
350
20
20
110
20
20
305
20
20
496
20
20
290
20
18
273
20
20
762
20
20
199
20
20
197
20
20
490
20
20
106
20
20
193
20
20
191
20
20
954
20
20
107
20
20
270
20
20
147
20
20
241
20
18
192
20
20
450
20
16
191
20
20
475
20
20
430
20
20
430
20
18
146
20
16
112
20
20
218
20
18
116
20
20
118
20
20
311
20
20
1019
20
20
124
20
20
203
20
20
319
20
20
366
20
20
199
20
20
296
20
20
535
20
18
123
20
20
296
20
16
305
20
20
328
20
20
465
20
20
146
20
12
329
20
20
221
20
20
504
20
20
137
20
20
115
20
20
253
20
20
119
20
14
587
20
12
293
20
14
345
20
20
395
20
20
415
20
12
328
20
20
384
20
20
137
20
16
335
20
20
106
20
18
222
20
20
1091
20
20
170
20
20
113
20
20
101
20
20
171
20
20
585
20
12
164
20
20
326
19
18
125
20
20
189
20
12
261
20
20
442
20
18
112
20
20
261
20
12
364
20
20
194
20
20
139
20
20
110
20
20
158
18
19
207
20
20
249
20
20
130
20
20
1211
20
20
240
10
10
114
20
20
650
18
20
310
20
20
300
20
16
123
20
20
110
20
20
123
20
12
101
20
20
188
20
20
119
20
20
259
20
20
267
20
12
586
20
20
238
20
18
106
20
20
502
20
18
177
20
20
478
20
20
372
20
20
595
20
20
279
20
20
114
20
20
186
20
20
263
20
20
122
20
20
1037
20
20
1441
20
14
171
20
20
124
20
18
239
20
18
172
20
20
128
20
20
484
20
20
299
20
20
122
20
20
281
20
20
350
20
20
140
20
20
218
20
20
436
20
20
167
20
20
725
20
20
369
20
20
274
20
20
144
20
20
166
20
20
186
20
20
368
20
20
105
20
20
245
20
20
387
20
20
286
20
20
344
20
20
375
20
20
406
20
20
142
20
20
123
20
20
212
20
20
246
20
20
546
20
20
421
20
20
523
20
20
176
20
20
331
20
20
338
20
12
340
18
20
161
20
20
659
20
20
947
20
20
108
20
20
132
20
20
428
18
16
134
20
20
406
20
20
150
20
20
813
20
20
128
20
20
432
18
20
132
20
20
1665
20
20
123
20
20
257
20
20
226
20
20
121
20
20
162
20
20
122
20
20
148
18
20
120
20
20
308
20
20
456
20
20
433
20
20
251
20
20
295
20
20
315
20
20
497
20
20
834
20
12
355
20
20
526
20
20
510
20
20
899
20
20
651
20
20
326
20
20
165
20
20
321
20
16
144
20
20
456
20
20
285
18
20
133
20
20
174
20
20
338
20
20
175
20
20
135
20
20
182
20
20
182
20
20
462
20
20
168
20
20
368
20
20
261
20
20
188
20
20
283
20
20
288
20
20
237
20
20
160
20
20
257
20
20
129
20
20
165
20
20
123
20
16
182
20
20
505
20
20
130
20
20
656
20
20
298
20
20
236
20
20
242
20
20
527
20
20
460
18
20
119
20
20
385
20
20
295
20
20
133
20
18
106
20
20
205
20
20
896
20
20
190
20
20
111
19
20
223
18
20
145
20
20
753
20
20
221
20
20
277
14
12
155
20
20
143
20
20
166
20
20
259
20
20
176
20
20
222
20
20
452
20
20
108
20
14
203
20
20
270
20
20
280
20
20
363
20
20
186
20
20
192
20
20
561
20
20
296
20
16
174
20
18
224
20
20
604
20
20
215
20
20
370
20
20
312
20
20
878
20
20
140
20
13
196
20
20
321
20
20
362
20
19
126
20
20
101
18
14
105
20
20
434
20
14
182
13
16
113
20
20
148
20
20
255
20
14
164
20
12
273
20
12
224
20
20
261
17
18
146
20
12
275
20
20
109
20
20
263
20
20
281
20
20
386
20
20
274
20
20
146
20
20
362
20
20
106
18
20
156
20
20
524
20
20
140
20
20
670
20
20
174
20
20
308
20
18
185
20
20
464
20
20
520
20
18
188
20
20
1288
18
20
193
20
20
266
20
20
159
20
20
739
20
20
135
20
20
248
20
20
296
20
20
262
20
20
272
20
20
171
20
14
122
20
20
225
20
20
760
20
20
493
16
16
122
20
20
666
18
20
105
20
20
181
20
20
672
20
20
113
20
20
150
20
20
289
20
20
105
20
20
1454
20
20
284
20
20
206
16
20
206
20
20
201
20
20
329
20
20
268
20
14
168
18
20
137
20
20
233
20
20
155
20
20
163
20
20
267
20
17
152
20
20
270
20
20
438
20
20
280
20
20
415
20
18
353
16
16
173
20
20
164
20
20
348
20
16
107
20
18
103
20
12
249
20
20
338
20
20
301
20
20
104
20
20
213
20
20
107
20
20
169
20
20
274
20
20
389
18
12
183
20
20
273
20
20
656
20
20
371
20
20
672
20
20
232
20
20
248
20
20
745
20
20
291
20
20
426
20
20
214
20
20
337
20
20
121
20
20
166
20
16
159
20
20
334
20
20
332
20
20
200
20
20
258
20
20
266
20
20
343
20
20
420
20
20
145
20
20
104
20
20
272
20
20
400
20
20
220
20
20
168
20
20
188
20
20
337
20
12
110
20
20
161
20
20
318
20
20
202
20
20
178
20
20
250
20
20
401
20
20
222
20
20
1139
20
20
329
20
20
161
20
20
219
20
20
355
20
20
667
20
16
111
20
15
311
20
20
288
20
20
137
20
20
121
20
20
451
20
20
179
20
20
283
20
20
237
20
20
162
20
20
685
20
18
222
20
20
172
20
20
118
20
20
231
20
20
209
20
20
528
20
14
489
20
20
784
20
20
132
20
20
466
20
20
241
20
20
286
20
20
218
20
20
119
18
20
183
20
20
312
20
20
209
20
16
125
20
20
214
20
20
207
20
20
687
20
20
175
20
20
107
20
20
511
20
20
158
20
20
281
20
20
541
20
20
825
20
20
138
20
18
156
20
20
256
20
20
495
20
20
177
20
20
143
20
20
336
20
20
154
20
20
224
20
20
155
20
20
138
20
20
329
20
20
206
20
20
175
18
14
102
20
20
876
20
20
141
20
20
185
20
20
211
20
20
592
20
20
204
20
20
132
20
20
380
20
20
167
20
20
416
20
20
618
18
20
152
20
20
381
20
20
217
20
20
309
20
20
458
20
20
131
18
20
269
20
20
370
20
12
236
20
20
413
20
20
446
20
20
1749
20
20
248
20
20
171
20
20
201
20
20
101
20
20
165
20
20
340
20
20
336
20
20
213
20
20
360
20
20
514
20
12
600
20
20
215
20
20
175
20
20
127
20
20
365
20
20
256
20
20
388
20
20
247
20
20
207
20
20
167
20
20
194
20
20
135
20
12
402
20
20
180
20
20
171
20
20
346
20
12
171
20
20
116
20
20
456
20
20
609
20
20
504
20
20
199
20
20
205
20
20
173
20
20
118
20
20
341
20
20
271
20
20
534
20
20
206
20
20
1156
20
20
201
20
20
389
20
20
206
20
20
696
20
20
141
20
20
354
20
20
347
20
20
194
20
20
218
20
20
166
18
14
227
20
20
262
20
20
139
20
20
536
20
20
146
18
18
119
20
20
230
20
20
154
20
20
127
20
20
241
20
20
270
20
20
239
20
20
323
20
20
342
20
20
586
20
20
135
20
12
659
20
20
339
20
20
173
20
12
234
20
20
146
20
20
217
20
20
354
20
20
115
20
16
123
18
20
228
20
20
165
20
18
380
20
12
227
20
20
132
20
20
665
20
20
135
20
20
187
20
20
190
20
20
171
20
20
514
20
20
350
20
20
247
20
20
417
20
20
127
20
20
516
20
20
109
20
20
237
20
20
829
20
20
154
20
20
107
20
20
656
20
20
129
20
20
335
20
20
304
20
20
339
20
20
253
20
20
199
20
20
300
20
20
470
14
16
209
20
20
544
20
18
108
20
20
198
20
20
321
20
20
107
20
20
152
20
20
114
20
20
718
20
20
119
20
20
233
20
20
160
20
20
435
20
20
139
20
20
1253
20
20
811
20
20
357
20
20
142
20
20
152
20
20
565
20
20
276
20
20
183
20
20
113
20
20
240
20
20
390
20
20
216
20
20
120
20
20
206
20
20
157
20
20
166
20
20
158
20
20
476
20
20
281
20
20
120
20
20
474
20
20
204
20
20
174
20
20
374
18
14
188
20
20
103
20
20
180
20
20
144
20
20
610
20
12
127
20
20
448
20
12
265
20
20
301
20
20
358
20
20
120
20
20
146
20
20
170
20
20
1930
20
18
112
20
20
128
20
20
219
20
20
361
20
20
728
20
20
232
20
20
342
20
20
326
20
20
276
20
20
166
20
18
301
20
14
243
20
18
194
20
20
265
20
20
120
20
20
593
20
18
171
20
20
188
20
20
305
20
20
361
20
20
449
20
20
311
20
20
401
20
20
732
20
20
121
20
19
254
20
16
214
20
20
109
20
20
346
20
20
236
20
20
220
20
20
513
20
20
166
20
20
108
20
20
382
20
20
268
20
20
152
20
20
109
20
20
125
20
20
150
18
18
134
20
20
131
20
20
112
20
20
177
20
20
470
20
20
162
20000
myfifo
